0.468293 0.597472 -0.650945 -3.000000 
-0.749269 -0.121933 -0.650945 -2.900000 
0.468293 -0.792565 -0.390567 10.000000 
0.000000 0.000000 0.000000 1.000000 

0.468293 -0.749269 0.468293 -5.450930 
0.597472 -0.121933 -0.792565 9.364460 
0.650945 0.650945 0.390567 -0.065094 
0.000000 0.000000 0.000000 1.000000 

0.558146 0.436991 -0.705346 -3.000000 
-0.613960 -0.354317 -0.705346 -2.900000 
0.558146 -0.826740 -0.070535 10.000000 
0.000000 0.000000 0.000000 1.000000 

0.558146 -0.613960 0.558146 -5.687504 
0.436991 -0.354317 -0.826740 8.550851 
0.705346 0.705346 0.070535 3.456193 
0.000000 0.000000 0.000000 1.000000 

0.235702 0.952579 -0.192450 -3.000000 
0.942809 -0.272166 -0.192450 -2.900000 
0.235702 0.136083 0.962250 10.000000 
0.000000 0.000000 0.000000 1.000000 

0.235702 0.942809 0.235702 1.084230 
0.952579 -0.272166 0.136083 0.707630 
0.192450 0.192450 -0.962250 10.757961 
0.000000 0.000000 0.000000 1.000000 

0.979225 -0.056405 -0.194772 -3.000000 
-0.186213 0.130069 -0.973862 -2.900000 
-0.080264 -0.989899 -0.116863 10.000000 
0.000000 0.000000 0.000000 1.000000 

0.979225 -0.186213 -0.080264 3.200301 
-0.056405 0.130069 -0.989899 10.106977 
0.194772 0.973862 0.116863 2.239882 
0.000000 0.000000 0.000000 1.000000 

0.980315 0.023151 -0.196078 -3.000000 
-0.196457 0.015362 -0.980392 -2.900000 
0.019685 -0.999614 -0.019608 10.000000 
0.000000 0.000000 0.000000 1.000000 

0.980315 -0.196457 0.019685 2.174370 
0.023151 0.015362 -0.999614 10.110143 
0.196078 0.980392 0.019608 3.235294 
0.000000 0.000000 0.000000 1.000000 

0.674882 0.724518 -0.140028 -3.000000 
0.449921 -0.554414 -0.700140 -2.900000 
0.584898 -0.409510 0.700140 10.000000 
0.000000 0.000000 0.000000 1.000000 

0.674882 0.449921 0.584898 -2.519559 
0.724518 -0.554414 -0.409510 4.660856 
0.140028 0.700140 -0.700140 9.451891 
0.000000 0.000000 0.000000 1.000000 

-0.454749 -0.251549 -0.854358 -3.000000 
0.354550 -0.931126 0.085436 -2.900000 
0.817006 0.264060 -0.512615 10.000000 
0.000000 0.000000 0.000000 1.000000 

-0.454749 0.354550 0.817006 -8.506108 
-0.251549 -0.931126 0.264060 -6.095516 
0.854358 -0.085436 0.512615 -2.810837 
0.000000 0.000000 0.000000 1.000000 

-0.088240 -0.108727 -0.990148 -3.000000 
0.107848 -0.989224 0.099015 -2.900000 
0.990244 0.098049 -0.099015 10.000000 
0.000000 0.000000 0.000000 1.000000 

-0.088240 0.107848 0.990244 -9.854396 
-0.108727 -0.989224 0.098049 -4.175420 
0.990148 -0.099015 0.099015 1.693152 
0.000000 0.000000 0.000000 1.000000 

0.195703 0.960861 -0.196078 -3.000000 
0.980469 -0.195695 0.019608 -2.900000 
0.019531 0.196086 0.980392 10.000000 
0.000000 0.000000 0.000000 1.000000 

0.195703 0.980469 0.019531 3.235156 
0.960861 -0.195695 0.196086 0.354205 
0.196078 -0.019608 -0.980392 10.335295 
0.000000 0.000000 0.000000 1.000000 

0.187120 -0.735702 -0.650945 -3.000000 
0.636209 -0.414137 0.650945 -2.900000 
0.748481 0.535942 -0.390567 10.000000 
0.000000 0.000000 0.000000 1.000000 

0.187120 0.636209 0.748481 -5.078444 
-0.735702 -0.414137 0.535942 -8.767520 
0.650945 -0.650945 0.390567 -3.840573 
0.000000 0.000000 0.000000 1.000000 

0.516177 -0.485849 -0.705346 -3.000000 
0.579265 -0.408582 0.705346 -2.900000 
0.630883 0.772665 -0.070535 10.000000 
0.000000 0.000000 0.000000 1.000000 

0.516177 0.579265 0.630883 -3.080429 
-0.485849 -0.408582 0.772665 -10.369087 
0.705346 -0.705346 0.070535 -0.634811 
0.000000 0.000000 0.000000 1.000000 

0.222375 0.955778 -0.192450 -3.000000 
0.963624 -0.185450 0.192450 -2.900000 
-0.148250 0.228246 0.962250 10.000000 
0.000000 0.000000 0.000000 1.000000 

0.222375 0.963624 -0.148250 4.944133 
0.955778 -0.185450 0.228246 0.047076 
0.192450 -0.192450 -0.962250 9.641750 
0.000000 0.000000 0.000000 1.000000 

0.883452 -0.101044 -0.457496 -3.000000 
-0.331295 0.555741 -0.762493 -2.900000 
-0.331295 -0.825192 -0.457496 10.000000 
0.000000 0.000000 0.000000 1.000000 

0.883452 -0.331295 -0.331295 5.002548 
-0.101044 0.555741 -0.825192 9.560437 
0.457496 0.762493 0.457496 -0.991241 
0.000000 0.000000 0.000000 1.000000 

0.824657 0.239098 -0.512615 -3.000000 
-0.517604 -0.046470 -0.854358 -2.900000 
0.228097 -0.969883 -0.085436 10.000000 
0.000000 0.000000 0.000000 1.000000 

0.824657 -0.517604 0.228097 -1.308046 
0.239098 -0.046470 -0.969883 10.281358 
0.512615 0.854358 0.085436 3.161123 
0.000000 0.000000 0.000000 1.000000 

0.158103 0.980483 -0.116863 -3.000000 
0.964427 -0.178729 -0.194772 -2.900000 
0.211858 0.081912 0.973862 10.000000 
0.000000 0.000000 0.000000 1.000000 

0.158103 0.964427 0.211858 1.152570 
0.980483 -0.178729 0.081912 1.604013 
0.116863 0.194772 -0.973862 10.654047 
0.000000 0.000000 0.000000 1.000000 

0.988714 -0.091908 -0.118308 -3.000000 
-0.105934 0.129506 -0.985904 -2.900000 
-0.105934 -0.987310 -0.118308 10.000000 
0.000000 0.000000 0.000000 1.000000 

0.988714 -0.105934 -0.105934 3.718273 
-0.091908 0.129506 -0.987310 9.972945 
0.118308 0.985904 0.118308 2.030962 
0.000000 0.000000 0.000000 1.000000 

0.992875 -0.003169 -0.119122 -3.000000 
-0.119033 0.020376 -0.992681 -2.900000 
-0.005573 -0.999787 -0.019854 10.000000 
0.000000 0.000000 0.000000 1.000000 

0.992875 -0.119033 -0.005573 2.689161 
-0.003169 0.020376 -0.999787 10.047457 
0.119122 0.992681 0.019854 3.037604 
0.000000 0.000000 0.000000 1.000000 

0.640491 0.763297 -0.084549 -3.000000 
0.503243 -0.500321 -0.704575 -2.900000 
0.580102 -0.408725 0.704575 10.000000 
0.000000 0.000000 0.000000 1.000000 

0.640491 0.503243 0.580102 -2.420140 
0.763297 -0.500321 -0.408725 4.926213 
0.084549 0.704575 -0.704575 9.342663 
0.000000 0.000000 0.000000 1.000000 

-0.507673 -0.499117 -0.702247 -3.000000 
0.609208 -0.784326 0.117041 -2.900000 
0.609208 0.368396 -0.702247 10.000000 
0.000000 0.000000 0.000000 1.000000 

-0.507673 0.609208 0.609208 -5.848393 
-0.499117 -0.784326 0.368396 -7.455851 
0.702247 -0.117041 0.702247 -5.255148 
0.000000 0.000000 0.000000 1.000000 

-0.131625 -0.187900 -0.973329 -3.000000 
0.184274 -0.969395 0.162221 -2.900000 
0.974021 0.158007 -0.162221 10.000000 
0.000000 0.000000 0.000000 1.000000 

-0.131625 0.184274 0.974021 -9.600694 
-0.187900 -0.969395 0.158007 -4.955019 
0.973329 -0.162221 0.162221 0.827329 
0.000000 0.000000 0.000000 1.000000 

0.119253 0.985692 -0.119122 -3.000000 
0.992848 -0.117719 0.019854 -2.900000 
-0.005547 0.120637 0.992681 10.000000 
0.000000 0.000000 0.000000 1.000000 

0.119253 0.992848 -0.005547 3.292485 
0.985692 -0.117719 0.120637 1.409316 
0.119122 -0.019854 -0.992681 10.226601 
0.000000 0.000000 0.000000 1.000000 

0.426401 -0.780307 -0.457496 -3.000000 
0.639602 -0.097538 0.762493 -2.900000 
0.639602 0.617743 -0.457496 10.000000 
0.000000 0.000000 0.000000 1.000000 

0.426401 0.639602 0.639602 -3.261971 
-0.780307 -0.097538 0.617743 -8.801216 
0.457496 -0.762493 0.457496 -5.413700 
0.000000 0.000000 0.000000 1.000000 

0.776012 -0.367467 -0.512615 -3.000000 
0.503582 -0.128367 0.854358 -2.900000 
0.379751 0.921135 -0.085436 10.000000 
0.000000 0.000000 0.000000 1.000000 

0.776012 0.503582 0.379751 -0.009082 
-0.367467 -0.128367 0.921135 -10.686016 
0.512615 -0.854358 0.085436 -1.794151 
0.000000 0.000000 0.000000 1.000000 

0.151960 0.981454 -0.116863 -3.000000 
0.972541 -0.127388 0.194772 -2.900000 
-0.176273 0.143252 0.973862 10.000000 
0.000000 0.000000 0.000000 1.000000 

0.151960 0.972541 -0.176273 5.038979 
0.981454 -0.127388 0.143252 1.142417 
0.116863 -0.194772 -0.973862 9.524367 
0.000000 0.000000 0.000000 1.000000 

0.819342 -0.573305 0.000000 -3.000000 
0.294963 0.421548 -0.857493 -2.900000 
-0.491605 -0.702580 -0.514496 10.000000 
0.000000 0.000000 0.000000 1.000000 

0.819342 0.294963 -0.491605 8.229471 
-0.573305 0.421548 -0.702580 6.528372 
-0.000000 0.857493 0.514496 -2.658228 
0.000000 0.000000 0.000000 1.000000 

0.994988 -0.099995 0.000000 -3.000000 
0.009950 0.099005 -0.995037 -2.900000 
-0.099499 -0.990050 -0.099504 10.000000 
0.000000 0.000000 0.000000 1.000000 

0.994988 0.009950 -0.099499 4.008806 
-0.099995 0.099005 -0.990050 9.887630 
-0.000000 0.995037 0.099504 1.890571 
0.000000 0.000000 0.000000 1.000000 

0.039193 0.999232 0.000000 -3.000000 
0.979827 -0.038432 -0.196116 -2.900000 
0.195965 -0.007686 0.980581 10.000000 
0.000000 0.000000 0.000000 1.000000 

0.039193 0.979827 0.195965 0.999424 
0.999232 -0.038432 -0.007686 2.963106 
-0.000000 0.196116 -0.980581 10.374544 
0.000000 0.000000 0.000000 1.000000 

0.992775 -0.119988 0.000000 -3.000000 
0.014296 0.118284 -0.992877 -2.900000 
-0.119133 -0.985704 -0.119145 10.000000 
0.000000 0.000000 0.000000 1.000000 

0.992775 0.014296 -0.119133 4.211115 
-0.119988 0.118284 -0.985704 9.840098 
-0.000000 0.992877 0.119145 1.687891 
0.000000 0.000000 0.000000 1.000000 

0.999800 -0.020000 0.000000 -3.000000 
0.000400 0.019992 -0.999800 -2.900000 
-0.019996 -0.999600 -0.019996 10.000000 
0.000000 0.000000 0.000000 1.000000 

0.999800 0.000400 -0.019996 3.200520 
-0.020000 0.019992 -0.999600 9.993979 
-0.000000 0.999800 0.019996 2.699460 
0.000000 0.000000 0.000000 1.000000 

0.577350 0.816497 0.000000 -3.000000 
0.577350 -0.408248 -0.707107 -2.900000 
0.577350 -0.408248 0.707107 10.000000 
0.000000 0.000000 0.000000 1.000000 

0.577350 0.577350 0.577350 -2.367136 
0.816497 -0.408248 -0.408248 5.348053 
-0.000000 0.707107 -0.707107 9.121677 
0.000000 0.000000 0.000000 1.000000 

0.027390 -0.999625 0.000000 -3.000000 
0.986024 0.027017 0.164399 -2.900000 
0.164337 0.004503 -0.986394 10.000000 
0.000000 0.000000 0.000000 1.000000 

0.027390 0.986024 0.164337 1.298265 
-0.999625 0.027017 0.004503 -2.965554 
-0.000000 -0.164399 0.986394 -10.340697 
0.000000 0.000000 0.000000 1.000000 

0.577350 -0.816497 0.000000 -3.000000 
0.577350 0.408248 0.707107 -2.900000 
0.577350 0.408248 -0.707107 10.000000 
0.000000 0.000000 0.000000 1.000000 

0.577350 0.577350 0.577350 -2.367136 
-0.816497 0.408248 0.408248 -5.348053 
-0.000000 -0.707107 0.707107 -9.121677 
0.000000 0.000000 0.000000 1.000000 

0.000400 1.000000 0.000000 -3.000000 
0.999800 -0.000400 0.019996 -2.900000 
-0.019996 0.000008 0.999800 10.000000 
0.000000 0.000000 0.000000 1.000000 

0.000400 0.999800 -0.019996 3.100580 
1.000000 -0.000400 0.000008 2.998760 
-0.000000 -0.019996 -0.999800 9.940012 
0.000000 0.000000 0.000000 1.000000 

0.819342 -0.573305 0.000000 -3.000000 
0.294963 0.421548 0.857493 -2.900000 
0.491605 0.702580 -0.514496 10.000000 
0.000000 0.000000 0.000000 1.000000 

0.819342 0.294963 0.491605 -1.602633 
-0.573305 0.421548 0.702580 -7.523225 
-0.000000 -0.857493 0.514496 -7.631688 
0.000000 0.000000 0.000000 1.000000 

0.994988 -0.099995 0.000000 -3.000000 
0.009950 0.099005 0.995037 -2.900000 
0.099499 0.990050 -0.099504 10.000000 
0.000000 0.000000 0.000000 1.000000 

0.994988 0.009950 0.099499 2.018830 
-0.099995 0.099005 0.990050 -9.913371 
-0.000000 -0.995037 0.099504 -3.880645 
0.000000 0.000000 0.000000 1.000000 

0.039193 0.999232 0.000000 -3.000000 
0.979827 -0.038432 0.196116 -2.900000 
-0.195965 0.007686 0.980581 10.000000 
0.000000 0.000000 0.000000 1.000000 

0.039193 0.979827 -0.195965 4.918733 
0.999232 -0.038432 0.007686 2.809378 
-0.000000 -0.196116 -0.980581 9.237070 
0.000000 0.000000 0.000000 1.000000 

0.769683 -0.185248 0.610960 -3.000000 
0.629740 0.377621 -0.678844 -2.900000 
0.104957 -0.907241 -0.407307 10.000000 
0.000000 0.000000 0.000000 1.000000 

0.769683 0.629740 0.104957 3.085728 
-0.185248 0.377621 -0.907241 9.611764 
-0.610960 0.678844 0.407307 -3.937297 
0.000000 0.000000 0.000000 1.000000 

0.686595 0.289021 0.667124 -3.000000 
0.573212 0.349253 -0.741249 -2.900000 
0.447231 -0.891342 -0.074125 10.000000 
0.000000 0.000000 0.000000 1.000000 

0.686595 0.573212 0.447231 -0.750215 
0.289021 0.349253 -0.891342 10.793310 
-0.667124 0.741249 0.074125 -0.592999 
0.000000 0.000000 0.000000 1.000000 

-0.130727 0.976062 0.173818 -3.000000 
0.967377 0.163956 -0.193131 -2.900000 
0.217006 -0.142900 0.965654 10.000000 
0.000000 0.000000 0.000000 1.000000 

-0.130727 0.967377 0.217006 0.243152 
0.976062 0.163956 -0.142900 4.832661 
-0.173818 0.193131 -0.965654 9.695168 
0.000000 0.000000 0.000000 1.000000 

0.978905 -0.103889 0.175930 -3.000000 
0.186276 0.100045 -0.977391 -2.900000 
-0.083939 -0.989544 -0.117287 10.000000 
0.000000 0.000000 0.000000 1.000000 

0.978905 0.186276 -0.083939 4.316306 
-0.103889 0.100045 -0.989544 9.873909 
-0.175930 0.977391 0.117287 1.133773 
0.000000 0.000000 0.000000 1.000000 

0.984153 0.008484 0.177119 -3.000000 
0.176904 0.021522 -0.983993 -2.900000 
0.012160 -0.999732 -0.019680 10.000000 
0.000000 0.000000 0.000000 1.000000 

0.984153 0.176904 0.012160 3.343884 
0.008484 0.021522 -0.999732 10.085188 
-0.177119 0.983993 0.019680 2.125424 
0.000000 0.000000 0.000000 1.000000 

0.463443 0.877085 0.126261 -3.000000 
0.666906 -0.251410 -0.701448 -2.900000 
0.583486 -0.409285 0.701448 10.000000 
0.000000 0.000000 0.000000 1.000000 

0.463443 0.666906 0.583486 -2.510506 
0.877085 -0.251410 -0.409285 5.995021 
-0.126261 0.701448 -0.701448 8.669896 
0.000000 0.000000 0.000000 1.000000 

0.516871 -0.215416 0.828517 -3.000000 
0.253737 0.962883 0.092057 -2.900000 
0.817595 -0.162643 -0.552345 10.000000 
0.000000 0.000000 0.000000 1.000000 

0.516871 0.253737 0.817595 -5.889506 
-0.215416 0.962883 -0.162643 3.772545 
-0.828517 -0.092057 0.552345 -8.275966 
0.000000 0.000000 0.000000 1.000000 

0.120491 -0.097869 0.987878 -3.000000 
-0.096393 0.989273 0.109764 -2.900000 
0.988023 0.108450 -0.109764 10.000000 
0.000000 0.000000 0.000000 1.000000 

0.120491 -0.096393 0.988023 -9.798301 
-0.097869 0.989273 0.108450 1.490786 
-0.987878 -0.109764 0.109764 -4.379594 
0.000000 0.000000 0.000000 1.000000 

-0.177377 0.968074 0.177119 -3.000000 
0.984067 0.176707 0.019680 -2.900000 
0.012247 -0.177787 0.983993 10.000000 
0.000000 0.000000 0.000000 1.000000 

-0.177377 0.984067 0.012247 2.199198 
0.968074 0.176707 -0.177787 5.194544 
-0.177119 -0.019680 -0.983993 9.251499 
0.000000 0.000000 0.000000 1.000000 

0.714058 -0.341832 0.610960 -3.000000 
-0.250384 0.690274 0.678844 -2.900000 
0.653780 0.637709 -0.407307 10.000000 
0.000000 0.000000 0.000000 1.000000 

0.714058 -0.250384 0.653780 -5.121743 
-0.341832 0.690274 0.637709 -5.400790 
-0.610960 -0.678844 0.407307 -7.874594 
0.000000 0.000000 0.000000 1.000000 

0.650436 -0.363150 0.667124 -3.000000 
-0.531090 0.410479 0.741249 -2.900000 
0.543025 0.836439 -0.074125 10.000000 
0.000000 0.000000 0.000000 1.000000 

0.650436 -0.531090 0.543025 -5.019101 
-0.363150 0.410479 0.836439 -8.263447 
-0.667124 -0.741249 0.074125 -4.892245 
0.000000 0.000000 0.000000 1.000000 

-0.141639 0.974539 0.173818 -3.000000 
0.975288 0.107302 0.193131 -2.900000 
-0.169563 -0.196877 0.965654 10.000000 
0.000000 0.000000 0.000000 1.000000 

-0.141639 0.975288 -0.169563 4.099043 
0.974539 0.107302 -0.196877 5.203564 
-0.173818 -0.193131 -0.965654 8.575009 
0.000000 0.000000 0.000000 1.000000 

0.468293 0.597472 -0.650945 -3.000000 
-0.749269 -0.121933 -0.650945 -2.900000 
0.468293 -0.792565 -0.390567 0.000000 
0.000000 0.000000 0.000000 1.000000 

0.468293 -0.749269 0.468293 -0.768001 
0.597472 -0.121933 -0.792565 1.438810 
0.650945 0.650945 0.390567 3.840573 
0.000000 0.000000 0.000000 1.000000 

0.558146 0.436991 -0.705346 -3.000000 
-0.613960 -0.354317 -0.705346 -2.900000 
0.558146 -0.826740 -0.070535 0.000000 
0.000000 0.000000 0.000000 1.000000 

0.558146 -0.613960 0.558146 -0.106048 
0.436991 -0.354317 -0.826740 0.283454 
0.705346 0.705346 0.070535 4.161539 
0.000000 0.000000 0.000000 1.000000 

0.235702 0.952579 -0.192450 -3.000000 
0.942809 -0.272166 -0.192450 -2.900000 
0.235702 0.136083 0.962250 0.000000 
0.000000 0.000000 0.000000 1.000000 

0.235702 0.942809 0.235702 3.441253 
0.952579 -0.272166 0.136083 2.068458 
0.192450 0.192450 -0.962250 1.135456 
0.000000 0.000000 0.000000 1.000000 

0.979225 -0.056405 -0.194772 -3.000000 
-0.186213 0.130069 -0.973862 -2.900000 
-0.080264 -0.989899 -0.116863 0.000000 
0.000000 0.000000 0.000000 1.000000 

0.979225 -0.186213 -0.080264 2.397657 
-0.056405 0.130069 -0.989899 0.207985 
0.194772 0.973862 0.116863 3.408516 
0.000000 0.000000 0.000000 1.000000 

0.980315 0.023151 -0.196078 -3.000000 
-0.196457 0.015362 -0.980392 -2.900000 
0.019685 -0.999614 -0.019608 0.000000 
0.000000 0.000000 0.000000 1.000000 

0.980315 -0.196457 0.019685 2.371220 
0.023151 0.015362 -0.999614 0.114003 
0.196078 0.980392 0.019608 3.431373 
0.000000 0.000000 0.000000 1.000000 

0.674882 0.724518 -0.140028 -3.000000 
0.449921 -0.554414 -0.700140 -2.900000 
0.584898 -0.409510 0.700140 0.000000 
0.000000 0.000000 0.000000 1.000000 

0.674882 0.449921 0.584898 3.329417 
0.724518 -0.554414 -0.409510 0.565754 
0.140028 0.700140 -0.700140 2.450490 
0.000000 0.000000 0.000000 1.000000 

-0.454749 -0.251549 -0.854358 -3.000000 
0.354550 -0.931126 0.085436 -2.900000 
0.817006 0.264060 -0.512615 0.000000 
0.000000 0.000000 0.000000 1.000000 

-0.454749 0.354550 0.817006 -0.336051 
-0.251549 -0.931126 0.264060 -3.454912 
0.854358 -0.085436 0.512615 2.315309 
0.000000 0.000000 0.000000 1.000000 

-0.088240 -0.108727 -0.990148 -3.000000 
0.107848 -0.989224 0.099015 -2.900000 
0.990244 0.098049 -0.099015 0.000000 
0.000000 0.000000 0.000000 1.000000 

-0.088240 0.107848 0.990244 0.048042 
-0.108727 -0.989224 0.098049 -3.194933 
0.990148 -0.099015 0.099015 2.683300 
0.000000 0.000000 0.000000 1.000000 

0.195703 0.960861 -0.196078 -3.000000 
0.980469 -0.195695 0.019608 -2.900000 
0.019531 0.196086 0.980392 0.000000 
0.000000 0.000000 0.000000 1.000000 

0.195703 0.980469 0.019531 3.430469 
0.960861 -0.195695 0.196086 2.315066 
0.196078 -0.019608 -0.980392 0.531373 
0.000000 0.000000 0.000000 1.000000 

0.187120 -0.735702 -0.650945 -3.000000 
0.636209 -0.414137 0.650945 -2.900000 
0.748481 0.535942 -0.390567 0.000000 
0.000000 0.000000 0.000000 1.000000 

0.187120 0.636209 0.748481 2.406367 
-0.735702 -0.414137 0.535942 -3.408102 
0.650945 -0.650945 0.390567 0.065094 
0.000000 0.000000 0.000000 1.000000 

0.516177 -0.485849 -0.705346 -3.000000 
0.579265 -0.408582 0.705346 -2.900000 
0.630883 0.772665 -0.070535 0.000000 
0.000000 0.000000 0.000000 1.000000 

0.516177 0.579265 0.630883 3.228400 
-0.485849 -0.408582 0.772665 -2.642435 
0.705346 -0.705346 0.070535 0.070534 
0.000000 0.000000 0.000000 1.000000 

0.222375 0.955778 -0.192450 -3.000000 
0.963624 -0.185450 0.192450 -2.900000 
-0.148250 0.228246 0.962250 0.000000 
0.000000 0.000000 0.000000 1.000000 

0.222375 0.963624 -0.148250 3.461634 
0.955778 -0.185450 0.228246 2.329532 
0.192450 -0.192450 -0.962250 0.019245 
0.000000 0.000000 0.000000 1.000000 

0.883452 -0.101044 -0.457496 -3.000000 
-0.331295 0.555741 -0.762493 -2.900000 
-0.331295 -0.825192 -0.457496 0.000000 
0.000000 0.000000 0.000000 1.000000 

0.883452 -0.331295 -0.331295 1.689602 
-0.101044 0.555741 -0.825192 1.308519 
0.457496 0.762493 0.457496 3.583717 
0.000000 0.000000 0.000000 1.000000 

0.824657 0.239098 -0.512615 -3.000000 
-0.517604 -0.046470 -0.854358 -2.900000 
0.228097 -0.969883 -0.085436 0.000000 
0.000000 0.000000 0.000000 1.000000 

0.824657 -0.517604 0.228097 0.972919 
0.239098 -0.046470 -0.969883 0.582529 
0.512615 0.854358 0.085436 4.015481 
0.000000 0.000000 0.000000 1.000000 

0.158103 0.980483 -0.116863 -3.000000 
0.964427 -0.178729 -0.194772 -2.900000 
0.211858 0.081912 0.973862 0.000000 
0.000000 0.000000 0.000000 1.000000 

0.158103 0.964427 0.211858 3.271147 
0.980483 -0.178729 0.081912 2.423135 
0.116863 0.194772 -0.973862 0.915430 
0.000000 0.000000 0.000000 1.000000 

0.988714 -0.091908 -0.118308 -3.000000 
-0.105934 0.129506 -0.985904 -2.900000 
-0.105934 -0.987310 -0.118308 0.000000 
0.000000 0.000000 0.000000 1.000000 

0.988714 -0.105934 -0.105934 2.658936 
-0.091908 0.129506 -0.987310 0.099845 
0.118308 0.985904 0.118308 3.214046 
0.000000 0.000000 0.000000 1.000000 

0.992875 -0.003169 -0.119122 -3.000000 
-0.119033 0.020376 -0.992681 -2.900000 
-0.005573 -0.999787 -0.019854 0.000000 
0.000000 0.000000 0.000000 1.000000 

0.992875 -0.119033 -0.005573 2.633426 
-0.003169 0.020376 -0.999787 0.049582 
0.119122 0.992681 0.019854 3.236140 
0.000000 0.000000 0.000000 1.000000 

0.640491 0.763297 -0.084549 -3.000000 
0.503243 -0.500321 -0.704575 -2.900000 
0.580102 -0.408725 0.704575 0.000000 
0.000000 0.000000 0.000000 1.000000 

0.640491 0.503243 0.580102 3.380877 
0.763297 -0.500321 -0.408725 0.838962 
0.084549 0.704575 -0.704575 2.296914 
0.000000 0.000000 0.000000 1.000000 

-0.507673 -0.499117 -0.702247 -3.000000 
0.609208 -0.784326 0.117041 -2.900000 
0.609208 0.368396 -0.702247 0.000000 
0.000000 0.000000 0.000000 1.000000 

-0.507673 0.609208 0.609208 0.243683 
-0.499117 -0.784326 0.368396 -3.771895 
0.702247 -0.117041 0.702247 1.767321 
0.000000 0.000000 0.000000 1.000000 

-0.131625 -0.187900 -0.973329 -3.000000 
0.184274 -0.969395 0.162221 -2.900000 
0.974021 0.158007 -0.162221 0.000000 
0.000000 0.000000 0.000000 1.000000 

-0.131625 0.184274 0.974021 0.139522 
-0.187900 -0.969395 0.158007 -3.374948 
0.973329 -0.162221 0.162221 2.449543 
0.000000 0.000000 0.000000 1.000000 

0.119253 0.985692 -0.119122 -3.000000 
0.992848 -0.117719 0.019854 -2.900000 
-0.005547 0.120637 0.992681 0.000000 
0.000000 0.000000 0.000000 1.000000 

0.119253 0.992848 -0.005547 3.237019 
0.985692 -0.117719 0.120637 2.615690 
0.119122 -0.019854 -0.992681 0.299790 
0.000000 0.000000 0.000000 1.000000 

0.426401 -0.780307 -0.457496 -3.000000 
0.639602 -0.097538 0.762493 -2.900000 
0.639602 0.617743 -0.457496 0.000000 
0.000000 0.000000 0.000000 1.000000 

0.426401 0.639602 0.639602 3.134051 
-0.780307 -0.097538 0.617743 -2.623783 
0.457496 -0.762493 0.457496 -0.838742 
0.000000 0.000000 0.000000 1.000000 

0.776012 -0.367467 -0.512615 -3.000000 
0.503582 -0.128367 0.854358 -2.900000 
0.379751 0.921135 -0.085436 0.000000 
0.000000 0.000000 0.000000 1.000000 

0.776012 0.503582 0.379751 3.788424 
-0.367467 -0.128367 0.921135 -1.474663 
0.512615 -0.854358 0.085436 -0.939793 
0.000000 0.000000 0.000000 1.000000 

0.151960 0.981454 -0.116863 -3.000000 
0.972541 -0.127388 0.194772 -2.900000 
-0.176273 0.143252 0.973862 0.000000 
0.000000 0.000000 0.000000 1.000000 

0.151960 0.972541 -0.176273 3.276248 
0.981454 -0.127388 0.143252 2.574937 
0.116863 -0.194772 -0.973862 -0.214250 
0.000000 0.000000 0.000000 1.000000 

0.819342 -0.573305 0.000000 -3.000000 
0.294963 0.421548 -0.857493 -2.900000 
-0.491605 -0.702580 -0.514496 0.000000 
0.000000 0.000000 0.000000 1.000000 

0.819342 0.294963 -0.491605 3.313419 
-0.573305 0.421548 -0.702580 -0.497427 
-0.000000 0.857493 0.514496 2.486730 
0.000000 0.000000 0.000000 1.000000 

0.994988 -0.099995 0.000000 -3.000000 
0.009950 0.099005 -0.995037 -2.900000 
-0.099499 -0.990050 -0.099504 0.000000 
0.000000 0.000000 0.000000 1.000000 

0.994988 0.009950 -0.099499 3.013818 
-0.099995 0.099005 -0.990050 -0.012871 
-0.000000 0.995037 0.099504 2.885608 
0.000000 0.000000 0.000000 1.000000 

0.039193 0.999232 0.000000 -3.000000 
0.979827 -0.038432 -0.196116 -2.900000 
0.195965 -0.007686 0.980581 0.000000 
0.000000 0.000000 0.000000 1.000000 

0.039193 0.979827 0.195965 2.959079 
0.999232 -0.038432 -0.007686 2.886242 
-0.000000 0.196116 -0.980581 0.568737 
0.000000 0.000000 0.000000 1.000000 

0.992775 -0.119988 0.000000 -3.000000 
0.014296 0.118284 -0.992877 -2.900000 
-0.119133 -0.985704 -0.119145 0.000000 
0.000000 0.000000 0.000000 1.000000 

0.992775 0.014296 -0.119133 3.019785 
-0.119988 0.118284 -0.985704 -0.016938 
-0.000000 0.992877 0.119145 2.879343 
0.000000 0.000000 0.000000 1.000000 

0.999800 -0.020000 0.000000 -3.000000 
0.000400 0.019992 -0.999800 -2.900000 
-0.019996 -0.999600 -0.019996 0.000000 
0.000000 0.000000 0.000000 1.000000 

0.999800 0.000400 -0.019996 3.000560 
-0.020000 0.019992 -0.999600 -0.002023 
-0.000000 0.999800 0.019996 2.899420 
0.000000 0.000000 0.000000 1.000000 

0.577350 0.816497 0.000000 -3.000000 
0.577350 -0.408248 -0.707107 -2.900000 
0.577350 -0.408248 0.707107 0.000000 
0.000000 0.000000 0.000000 1.000000 

0.577350 0.577350 0.577350 3.406367 
0.816497 -0.408248 -0.408248 1.265570 
-0.000000 0.707107 -0.707107 2.050610 
0.000000 0.000000 0.000000 1.000000 

0.027390 -0.999625 0.000000 -3.000000 
0.986024 0.027017 0.164399 -2.900000 
0.164337 0.004503 -0.986394 0.000000 
0.000000 0.000000 0.000000 1.000000 

0.027390 0.986024 0.164337 2.941638 
-0.999625 0.027017 0.004503 -2.920526 
-0.000000 -0.164399 0.986394 -0.476757 
0.000000 0.000000 0.000000 1.000000 

0.577350 -0.816497 0.000000 -3.000000 
0.577350 0.408248 0.707107 -2.900000 
0.577350 0.408248 -0.707107 0.000000 
0.000000 0.000000 0.000000 1.000000 

0.577350 0.577350 0.577350 3.406367 
-0.816497 0.408248 0.408248 -1.265570 
-0.000000 -0.707107 0.707107 -2.050610 
0.000000 0.000000 0.000000 1.000000 

0.000400 1.000000 0.000000 -3.000000 
0.999800 -0.000400 0.019996 -2.900000 
-0.019996 0.000008 0.999800 0.000000 
0.000000 0.000000 0.000000 1.000000 

0.000400 0.999800 -0.019996 2.900620 
1.000000 -0.000400 0.000008 2.998840 
-0.000000 -0.019996 -0.999800 -0.057988 
0.000000 0.000000 0.000000 1.000000 

0.819342 -0.573305 0.000000 -3.000000 
0.294963 0.421548 0.857493 -2.900000 
0.491605 0.702580 -0.514496 0.000000 
0.000000 0.000000 0.000000 1.000000 

0.819342 0.294963 0.491605 3.313419 
-0.573305 0.421548 0.702580 -0.497427 
-0.000000 -0.857493 0.514496 -2.486730 
0.000000 0.000000 0.000000 1.000000 

0.994988 -0.099995 0.000000 -3.000000 
0.009950 0.099005 0.995037 -2.900000 
0.099499 0.990050 -0.099504 0.000000 
0.000000 0.000000 0.000000 1.000000 

0.994988 0.009950 0.099499 3.013818 
-0.099995 0.099005 0.990050 -0.012871 
-0.000000 -0.995037 0.099504 -2.885608 
0.000000 0.000000 0.000000 1.000000 

0.039193 0.999232 0.000000 -3.000000 
0.979827 -0.038432 0.196116 -2.900000 
-0.195965 0.007686 0.980581 0.000000 
0.000000 0.000000 0.000000 1.000000 

0.039193 0.979827 -0.195965 2.959079 
0.999232 -0.038432 0.007686 2.886242 
-0.000000 -0.196116 -0.980581 -0.568737 
0.000000 0.000000 0.000000 1.000000 

0.769683 -0.185248 0.610960 -3.000000 
0.629740 0.377621 -0.678844 -2.900000 
0.104957 -0.907241 -0.407307 0.000000 
0.000000 0.000000 0.000000 1.000000 

0.769683 0.629740 0.104957 4.135295 
-0.185248 0.377621 -0.907241 0.539357 
-0.610960 0.678844 0.407307 0.135769 
0.000000 0.000000 0.000000 1.000000 

0.686595 0.289021 0.667124 -3.000000 
0.573212 0.349253 -0.741249 -2.900000 
0.447231 -0.891342 -0.074125 0.000000 
0.000000 0.000000 0.000000 1.000000 

0.686595 0.573212 0.447231 3.722099 
0.289021 0.349253 -0.891342 1.879895 
-0.667124 0.741249 0.074125 0.148250 
0.000000 0.000000 0.000000 1.000000 

-0.130727 0.976062 0.173818 -3.000000 
0.967377 0.163956 -0.193131 -2.900000 
0.217006 -0.142900 0.965654 0.000000 
0.000000 0.000000 0.000000 1.000000 

-0.130727 0.967377 0.217006 2.413214 
0.976062 0.163956 -0.142900 3.403661 
-0.173818 0.193131 -0.965654 0.038626 
0.000000 0.000000 0.000000 1.000000 

0.978905 -0.103889 0.175930 -3.000000 
0.186276 0.100045 -0.977391 -2.900000 
-0.083939 -0.989544 -0.117287 0.000000 
0.000000 0.000000 0.000000 1.000000 

0.978905 0.186276 -0.083939 3.476915 
-0.103889 0.100045 -0.989544 -0.021535 
-0.175930 0.977391 0.117287 2.306642 
0.000000 0.000000 0.000000 1.000000 

0.984153 0.008484 0.177119 -3.000000 
0.176904 0.021522 -0.983993 -2.900000 
0.012160 -0.999732 -0.019680 0.000000 
0.000000 0.000000 0.000000 1.000000 

0.984153 0.176904 0.012160 3.465482 
0.008484 0.021522 -0.999732 0.087864 
-0.177119 0.983993 0.019680 2.322223 
0.000000 0.000000 0.000000 1.000000 

0.463443 0.877085 0.126261 -3.000000 
0.666906 -0.251410 -0.701448 -2.900000 
0.583486 -0.409285 0.701448 0.000000 
0.000000 0.000000 0.000000 1.000000 

0.463443 0.666906 0.583486 3.324358 
0.877085 -0.251410 -0.409285 1.902167 
-0.126261 0.701448 -0.701448 1.655417 
0.000000 0.000000 0.000000 1.000000 

0.516871 -0.215416 0.828517 -3.000000 
0.253737 0.962883 0.092057 -2.900000 
0.817595 -0.162643 -0.552345 0.000000 
0.000000 0.000000 0.000000 1.000000 

0.516871 0.253737 0.817595 2.286448 
-0.215416 0.962883 -0.162643 2.146112 
-0.828517 -0.092057 0.552345 -2.752518 
0.000000 0.000000 0.000000 1.000000 

0.120491 -0.097869 0.987878 -3.000000 
-0.096393 0.989273 0.109764 -2.900000 
0.988023 0.108450 -0.109764 0.000000 
0.000000 0.000000 0.000000 1.000000 

0.120491 -0.096393 0.988023 0.081934 
-0.097869 0.989273 0.108450 2.575283 
-0.987878 -0.109764 0.109764 -3.281952 
0.000000 0.000000 0.000000 1.000000 

-0.177377 0.968074 0.177119 -3.000000 
0.984067 0.176707 0.019680 -2.900000 
0.012247 -0.177787 0.983993 0.000000 
0.000000 0.000000 0.000000 1.000000 

-0.177377 0.984067 0.012247 2.321663 
0.968074 0.176707 -0.177787 3.416670 
-0.177119 -0.019680 -0.983993 -0.588428 
0.000000 0.000000 0.000000 1.000000 

0.714058 -0.341832 0.610960 -3.000000 
-0.250384 0.690274 0.678844 -2.900000 
0.653780 0.637709 -0.407307 0.000000 
0.000000 0.000000 0.000000 1.000000 

0.714058 -0.250384 0.653780 1.416061 
-0.341832 0.690274 0.637709 0.976299 
-0.610960 -0.678844 0.407307 -3.801528 
0.000000 0.000000 0.000000 1.000000 

0.650436 -0.363150 0.667124 -3.000000 
-0.531090 0.410479 0.741249 -2.900000 
0.543025 0.836439 -0.074125 0.000000 
0.000000 0.000000 0.000000 1.000000 

0.650436 -0.531090 0.543025 0.411147 
-0.363150 0.410479 0.836439 0.100939 
-0.667124 -0.741249 0.074125 -4.150996 
0.000000 0.000000 0.000000 1.000000 

-0.141639 0.974539 0.173818 -3.000000 
0.975288 0.107302 0.193131 -2.900000 
-0.169563 -0.196877 0.965654 0.000000 
0.000000 0.000000 0.000000 1.000000 

-0.141639 0.975288 -0.169563 2.403418 
0.974539 0.107302 -0.196877 3.234791 
-0.173818 -0.193131 -0.965654 -1.081533 
0.000000 0.000000 0.000000 1.000000 

0.468293 0.597472 -0.650945 -3.000000 
-0.749269 -0.121933 -0.650945 -2.900000 
0.468293 -0.792565 -0.390567 -10.000000 
0.000000 0.000000 0.000000 1.000000 

0.468293 -0.749269 0.468293 3.914928 
0.597472 -0.121933 -0.792565 -6.486839 
0.650945 0.650945 0.390567 7.746241 
0.000000 0.000000 0.000000 1.000000 

0.558146 0.436991 -0.705346 -3.000000 
-0.613960 -0.354317 -0.705346 -2.900000 
0.558146 -0.826740 -0.070535 -10.000000 
0.000000 0.000000 0.000000 1.000000 

0.558146 -0.613960 0.558146 5.475408 
0.436991 -0.354317 -0.826740 -7.983943 
0.705346 0.705346 0.070535 4.866885 
0.000000 0.000000 0.000000 1.000000 

0.235702 0.952579 -0.192450 -3.000000 
0.942809 -0.272166 -0.192450 -2.900000 
0.235702 0.136083 0.962250 -10.000000 
0.000000 0.000000 0.000000 1.000000 

0.235702 0.942809 0.235702 5.798275 
0.952579 -0.272166 0.136083 3.429286 
0.192450 0.192450 -0.962250 -8.487049 
0.000000 0.000000 0.000000 1.000000 

0.979225 -0.056405 -0.194772 -3.000000 
-0.186213 0.130069 -0.973862 -2.900000 
-0.080264 -0.989899 -0.116863 -10.000000 
0.000000 0.000000 0.000000 1.000000 

0.979225 -0.186213 -0.080264 1.595014 
-0.056405 0.130069 -0.989899 -9.691008 
0.194772 0.973862 0.116863 4.577150 
0.000000 0.000000 0.000000 1.000000 

0.980315 0.023151 -0.196078 -3.000000 
-0.196457 0.015362 -0.980392 -2.900000 
0.019685 -0.999614 -0.019608 -10.000000 
0.000000 0.000000 0.000000 1.000000 

0.980315 -0.196457 0.019685 2.568071 
0.023151 0.015362 -0.999614 -9.882136 
0.196078 0.980392 0.019608 3.627451 
0.000000 0.000000 0.000000 1.000000 

0.674882 0.724518 -0.140028 -3.000000 
0.449921 -0.554414 -0.700140 -2.900000 
0.584898 -0.409510 0.700140 -10.000000 
0.000000 0.000000 0.000000 1.000000 

0.674882 0.449921 0.584898 9.178393 
0.724518 -0.554414 -0.409510 -3.529348 
0.140028 0.700140 -0.700140 -4.550910 
0.000000 0.000000 0.000000 1.000000 

-0.454749 -0.251549 -0.854358 -3.000000 
0.354550 -0.931126 0.085436 -2.900000 
0.817006 0.264060 -0.512615 -10.000000 
0.000000 0.000000 0.000000 1.000000 

-0.454749 0.354550 0.817006 7.834006 
-0.251549 -0.931126 0.264060 -0.814307 
0.854358 -0.085436 0.512615 7.441456 
0.000000 0.000000 0.000000 1.000000 

-0.088240 -0.108727 -0.990148 -3.000000 
0.107848 -0.989224 0.099015 -2.900000 
0.990244 0.098049 -0.099015 -10.000000 
0.000000 0.000000 0.000000 1.000000 

-0.088240 0.107848 0.990244 9.950479 
-0.108727 -0.989224 0.098049 -2.214446 
0.990148 -0.099015 0.099015 3.673447 
0.000000 0.000000 0.000000 1.000000 

0.195703 0.960861 -0.196078 -3.000000 
0.980469 -0.195695 0.019608 -2.900000 
0.019531 0.196086 0.980392 -10.000000 
0.000000 0.000000 0.000000 1.000000 

0.195703 0.980469 0.019531 3.625781 
0.960861 -0.195695 0.196086 4.275927 
0.196078 -0.019608 -0.980392 -9.272549 
0.000000 0.000000 0.000000 1.000000 

0.187120 -0.735702 -0.650945 -3.000000 
0.636209 -0.414137 0.650945 -2.900000 
0.748481 0.535942 -0.390567 -10.000000 
0.000000 0.000000 0.000000 1.000000 

0.187120 0.636209 0.748481 9.891179 
-0.735702 -0.414137 0.535942 1.951316 
0.650945 -0.650945 0.390567 3.970762 
0.000000 0.000000 0.000000 1.000000 

0.516177 -0.485849 -0.705346 -3.000000 
0.579265 -0.408582 0.705346 -2.900000 
0.630883 0.772665 -0.070535 -10.000000 
0.000000 0.000000 0.000000 1.000000 

0.516177 0.579265 0.630883 9.537228 
-0.485849 -0.408582 0.772665 5.084219 
0.705346 -0.705346 0.070535 0.775880 
0.000000 0.000000 0.000000 1.000000 

0.222375 0.955778 -0.192450 -3.000000 
0.963624 -0.185450 0.192450 -2.900000 
-0.148250 0.228246 0.962250 -10.000000 
0.000000 0.000000 0.000000 1.000000 

0.222375 0.963624 -0.148250 1.979136 
0.955778 -0.185450 0.228246 4.611988 
0.192450 -0.192450 -0.962250 -9.603260 
0.000000 0.000000 0.000000 1.000000 

0.883452 -0.101044 -0.457496 -3.000000 
-0.331295 0.555741 -0.762493 -2.900000 
-0.331295 -0.825192 -0.457496 -10.000000 
0.000000 0.000000 0.000000 1.000000 

0.883452 -0.331295 -0.331295 -1.623344 
-0.101044 0.555741 -0.825192 -6.943400 
0.457496 0.762493 0.457496 8.158674 
0.000000 0.000000 0.000000 1.000000 

0.824657 0.239098 -0.512615 -3.000000 
-0.517604 -0.046470 -0.854358 -2.900000 
0.228097 -0.969883 -0.085436 -10.000000 
0.000000 0.000000 0.000000 1.000000 

0.824657 -0.517604 0.228097 3.253884 
0.239098 -0.046470 -0.969883 -9.116300 
0.512615 0.854358 0.085436 4.869839 
0.000000 0.000000 0.000000 1.000000 

0.158103 0.980483 -0.116863 -3.000000 
0.964427 -0.178729 -0.194772 -2.900000 
0.211858 0.081912 0.973862 -10.000000 
0.000000 0.000000 0.000000 1.000000 

0.158103 0.964427 0.211858 5.389725 
0.980483 -0.178729 0.081912 3.242257 
0.116863 0.194772 -0.973862 -8.823187 
0.000000 0.000000 0.000000 1.000000 

0.988714 -0.091908 -0.118308 -3.000000 
-0.105934 0.129506 -0.985904 -2.900000 
-0.105934 -0.987310 -0.118308 -10.000000 
0.000000 0.000000 0.000000 1.000000 

0.988714 -0.105934 -0.105934 1.599599 
-0.091908 0.129506 -0.987310 -9.773255 
0.118308 0.985904 0.118308 4.397131 
0.000000 0.000000 0.000000 1.000000 

0.992875 -0.003169 -0.119122 -3.000000 
-0.119033 0.020376 -0.992681 -2.900000 
-0.005573 -0.999787 -0.019854 -10.000000 
0.000000 0.000000 0.000000 1.000000 

0.992875 -0.119033 -0.005573 2.577692 
-0.003169 0.020376 -0.999787 -9.948292 
0.119122 0.992681 0.019854 3.434677 
0.000000 0.000000 0.000000 1.000000 

0.640491 0.763297 -0.084549 -3.000000 
0.503243 -0.500321 -0.704575 -2.900000 
0.580102 -0.408725 0.704575 -10.000000 
0.000000 0.000000 0.000000 1.000000 

0.640491 0.503243 0.580102 9.181894 
0.763297 -0.500321 -0.408725 -3.248289 
0.084549 0.704575 -0.704575 -4.748835 
0.000000 0.000000 0.000000 1.000000 

-0.507673 -0.499117 -0.702247 -3.000000 
0.609208 -0.784326 0.117041 -2.900000 
0.609208 0.368396 -0.702247 -10.000000 
0.000000 0.000000 0.000000 1.000000 

-0.507673 0.609208 0.609208 6.335760 
-0.499117 -0.784326 0.368396 -0.087940 
0.702247 -0.117041 0.702247 8.789790 
0.000000 0.000000 0.000000 1.000000 

-0.131625 -0.187900 -0.973329 -3.000000 
0.184274 -0.969395 0.162221 -2.900000 
0.974021 0.158007 -0.162221 -10.000000 
0.000000 0.000000 0.000000 1.000000 

-0.131625 0.184274 0.974021 9.879737 
-0.187900 -0.969395 0.158007 -1.794876 
0.973329 -0.162221 0.162221 4.071758 
0.000000 0.000000 0.000000 1.000000 

0.119253 0.985692 -0.119122 -3.000000 
0.992848 -0.117719 0.019854 -2.900000 
-0.005547 0.120637 0.992681 -10.000000 
0.000000 0.000000 0.000000 1.000000 

0.119253 0.992848 -0.005547 3.181552 
0.985692 -0.117719 0.120637 3.822064 
0.119122 -0.019854 -0.992681 -9.627022 
0.000000 0.000000 0.000000 1.000000 

0.426401 -0.780307 -0.457496 -3.000000 
0.639602 -0.097538 0.762493 -2.900000 
0.639602 0.617743 -0.457496 -10.000000 
0.000000 0.000000 0.000000 1.000000 

0.426401 0.639602 0.639602 9.530073 
-0.780307 -0.097538 0.617743 3.553650 
0.457496 -0.762493 0.457496 3.736215 
0.000000 0.000000 0.000000 1.000000 

0.776012 -0.367467 -0.512615 -3.000000 
0.503582 -0.128367 0.854358 -2.900000 
0.379751 0.921135 -0.085436 -10.000000 
0.000000 0.000000 0.000000 1.000000 

0.776012 0.503582 0.379751 7.585930 
-0.367467 -0.128367 0.921135 7.736690 
0.512615 -0.854358 0.085436 -0.085436 
0.000000 0.000000 0.000000 1.000000 

0.151960 0.981454 -0.116863 -3.000000 
0.972541 -0.127388 0.194772 -2.900000 
-0.176273 0.143252 0.973862 -10.000000 
0.000000 0.000000 0.000000 1.000000 

0.151960 0.972541 -0.176273 1.513517 
0.981454 -0.127388 0.143252 4.007457 
0.116863 -0.194772 -0.973862 -9.952867 
0.000000 0.000000 0.000000 1.000000 

0.819342 -0.573305 0.000000 -3.000000 
0.294963 0.421548 -0.857493 -2.900000 
-0.491605 -0.702580 -0.514496 -10.000000 
0.000000 0.000000 0.000000 1.000000 

0.819342 0.294963 -0.491605 -1.602633 
-0.573305 0.421548 -0.702580 -7.523225 
-0.000000 0.857493 0.514496 7.631688 
0.000000 0.000000 0.000000 1.000000 

0.994988 -0.099995 0.000000 -3.000000 
0.009950 0.099005 -0.995037 -2.900000 
-0.099499 -0.990050 -0.099504 -10.000000 
0.000000 0.000000 0.000000 1.000000 

0.994988 0.009950 -0.099499 2.018830 
-0.099995 0.099005 -0.990050 -9.913371 
-0.000000 0.995037 0.099504 3.880645 
0.000000 0.000000 0.000000 1.000000 

0.039193 0.999232 0.000000 -3.000000 
0.979827 -0.038432 -0.196116 -2.900000 
0.195965 -0.007686 0.980581 -10.000000 
0.000000 0.000000 0.000000 1.000000 

0.039193 0.979827 0.195965 4.918733 
0.999232 -0.038432 -0.007686 2.809378 
-0.000000 0.196116 -0.980581 -9.237070 
0.000000 0.000000 0.000000 1.000000 

0.992775 -0.119988 0.000000 -3.000000 
0.014296 0.118284 -0.992877 -2.900000 
-0.119133 -0.985704 -0.119145 -10.000000 
0.000000 0.000000 0.000000 1.000000 

0.992775 0.014296 -0.119133 1.828454 
-0.119988 0.118284 -0.985704 -9.873975 
-0.000000 0.992877 0.119145 4.070795 
0.000000 0.000000 0.000000 1.000000 

0.999800 -0.020000 0.000000 -3.000000 
0.000400 0.019992 -0.999800 -2.900000 
-0.019996 -0.999600 -0.019996 -10.000000 
0.000000 0.000000 0.000000 1.000000 

0.999800 0.000400 -0.019996 2.800600 
-0.020000 0.019992 -0.999600 -9.998024 
-0.000000 0.999800 0.019996 3.099380 
0.000000 0.000000 0.000000 1.000000 

0.577350 0.816497 0.000000 -3.000000 
0.577350 -0.408248 -0.707107 -2.900000 
0.577350 -0.408248 0.707107 -10.000000 
0.000000 0.000000 0.000000 1.000000 

0.577350 0.577350 0.577350 9.179869 
0.816497 -0.408248 -0.408248 -2.816914 
-0.000000 0.707107 -0.707107 -5.020458 
0.000000 0.000000 0.000000 1.000000 

0.027390 -0.999625 0.000000 -3.000000 
0.986024 0.027017 0.164399 -2.900000 
0.164337 0.004503 -0.986394 -10.000000 
0.000000 0.000000 0.000000 1.000000 

0.027390 0.986024 0.164337 4.585011 
-0.999625 0.027017 0.004503 -2.875498 
-0.000000 -0.164399 0.986394 9.387183 
0.000000 0.000000 0.000000 1.000000 

0.577350 -0.816497 0.000000 -3.000000 
0.577350 0.408248 0.707107 -2.900000 
0.577350 0.408248 -0.707107 -10.000000 
0.000000 0.000000 0.000000 1.000000 

0.577350 0.577350 0.577350 9.179869 
-0.816497 0.408248 0.408248 2.816914 
-0.000000 -0.707107 0.707107 5.020458 
0.000000 0.000000 0.000000 1.000000 

0.000400 1.000000 0.000000 -3.000000 
0.999800 -0.000400 0.019996 -2.900000 
-0.019996 0.000008 0.999800 -10.000000 
0.000000 0.000000 0.000000 1.000000 

0.000400 0.999800 -0.019996 2.700660 
1.000000 -0.000400 0.000008 2.998920 
-0.000000 -0.019996 -0.999800 -10.055988 
0.000000 0.000000 0.000000 1.000000 

0.819342 -0.573305 0.000000 -3.000000 
